code a code a
1923155819231558
1923155919231559
1923156019231560
1923156119231561
1923156219231562
1923156319231563
1923156419231564
1923156519231565
1923156619231566
1923156719231567
1923156819231568
1923156919231569
1923157019231570
1923157119231571
1923157219231572
1923157319231573
1923157419231574
1923157519231575
1923157619231576
1923157719231577
1923157819231578
1923157919231579
1923158019231580
1923158119231581
1923158219231582
1923158319231583
1923158419231584
